-0.20 -30184
-74.54 -7454
-0.20 -30177
-0.18 -30170
-0.17 -30164
-0.17 -30157
-0.20 -30150
-0.20 -30144
-0.18 -30137
-0.20 -30130
-0.18 -30124
-0.14 -30117
-0.18 -30110
-0.18 -30104
-0.18 -30097
-0.18 -30090
-0.17 -30084
-0.17 -30077
-0.15 -30070
-0.15 -30064
-0.17 -30057
-0.17 -30050
-0.17 -30044
-0.17 -30037
-0.18 -30030
-0.14 -30024
-0.18 -30017
-0.17 -30010
-0.15 -30004
-0.18 -29997
-0.18 -29990
-0.18 -29984
-0.15 -29977
-0.15 -29970
-0.18 -29964
-0.18 -29957
-0.15 -29950
-0.18 -29944
-0.17 -29937
-0.18 -29930
-0.17 -29924
-0.17 -29917
-0.18 -29910
-0.18 -29904
-0.17 -29897
-0.18 -29890
-0.15 -29884
-0.18 -29877
-0.18 -29870
-0.18 -29864
-0.18 -29857
-0.18 -29850
-0.18 -29844
-0.17 -29837
-0.18 -29830
-0.18 -29824
-0.18 -29817
-0.15 -29810
-0.18 -29804
-0.18 -29797
-0.17 -29790
-0.15 -29784
-0.15 -29777
-0.23 -29770
-0.15 -29764
-0.18 -29757
-0.18 -29750
-0.18 -29744
-0.12 -29737
-0.14 -29730
-0.18 -29724
-0.20 -29717
-0.18 -29710
-0.14 -29704
-0.14 -29697
-0.18 -29690
-0.17 -29684
-0.18 -29677
-0.18 -29670
-0.15 -29664
-0.17 -29657
-0.18 -29650
-0.15 -29644
-0.15 -29637
-0.15 -29630
-0.15 -29624
-0.15 -29617
-0.20 -29610
-0.15 -29604
-0.21 -29597
-0.17 -29590
-0.18 -29584
-0.15 -29577
-0.17 -29570
-0.20 -29564
-0.15 -29557
-0.12 -29550
-0.18 -29544
-0.20 -29537
-0.18 -29531
-0.18 -29524
-0.18 -29517
-0.18 -29511
-0.20 -29504
-0.17 -29497
-0.18 -29491
-0.18 -29484
-0.15 -29477
-0.17 -29471
-0.18 -29464
-0.18 -29457
